262; 3145; 7762; 4200; 6130; 5710; 7753; 6410; 6658; 341; 5894; 8428; 6199; 4025; 4861; 7082; 5337; 1798; 6862; 7836; 2587; 8287; 7423; 1499
2441; 929; 1156; 6988; 3556; 841; 2234; 3603; 9587; 6119; 3065; 1578; 4624; 4369; 2767; 8305; 6178; 9285; 8894; 5147; 5815; 288
3450; 222; 5493; 8429; 1203; 7059; 8981; 3817; 5182; 8481; 2589; 3404; 1345; 4214; 894; 871; 2420; 9447; 2780; 7748; 8617; 8713; 3048; 6450; 7616; 8690
1773; 2803; 1837; 8579; 2504; 2296; 5273; 9268; 582; 3265; 8512; 7302; 7155
9165; 952; 9934; 4829; 3530; 8422; 6381; 4395; 409; 1780; 3554; 3675; 6019; 9628; 2639; 3304; 1399; 7810
178; 3913; 2572; 6212; 528; 3139; 4363; 2849; 3219; 2981; 3985; 5172; 8553; 959; 8832; 5566; 1332; 9050; 9627; 6839; 6672
4126; 8232; 5136; 3932; 494; 9419; 249; 3329; 9167; 7691; 1527; 2555; 6790; 2163; 885; 4466; 6880; 5576; 8215; 2498; 8659; 3150
3123; 9423; 1854; 3080; 3865; 4495; 3834; 963; 7315; 8226; 3802; 9620; 9035; 2508; 4131; 251; 141; 2426; 799; 8758
9171; 9929; 8814; 1361; 1814; 1033; 5929; 2944; 4730; 1374; 4737; 3124; 3360; 445; 3445; 7647; 7943; 9844; 8904
6485; 5341; 2751; 1078; 5480; 3129; 1143; 7962; 1346; 7161; 1787; 8590; 5696; 323; 4641; 1877; 4316; 9744; 8144; 105; 5706; 8954; 3748; 3342; 7263; 197
113; 9078; 9223; 8596; 5157; 2682; 5438; 5107; 1060; 3769; 2806; 3106; 3975; 4275; 6699; 5080; 2285; 33; 1426; 5203; 3514; 2389
791; 4195; 9737; 5232; 7180; 9476; 2216; 1537; 6549; 5200; 2300; 5682; 1034; 6117; 759; 492; 1400; 2726; 8337; 4353; 30; 852; 8519; 7471
2137; 5098; 8030; 6599; 1378; 1725; 9343; 6921; 6663; 7966; 245; 1427; 6000; 1131; 3521; 9398; 7990
205; 8928; 1562; 5631; 1162; 3272; 8445; 4388; 2489; 8003; 7019; 8522; 6293; 9042; 6858; 7519; 7101; 9583; 2865; 7894; 3647; 7192; 9606
5501; 5572; 4531; 6446; 9330; 8648; 5719; 8702; 9660; 3853; 1543; 123; 6016; 4357; 8901; 838; 211; 2358; 1486; 4721; 1980; 9235; 986; 4933
9535; 2304; 2889; 5009; 5204; 4276; 1565; 8528; 7766; 1043; 5939; 4336; 6630; 3606
888; 7364; 9037; 2934; 1140; 7291; 2905; 4345; 4994; 604; 9113; 4297; 7563; 3448; 8930; 3577; 4686
6271; 4578; 2276; 815; 3929; 9651; 5777; 9296; 1660; 2525; 4839; 5362; 1554; 3252; 8991; 7971; 8947; 5076; 981; 8546; 4504; 351
3586; 901; 5557; 5459; 5772; 2917; 8588; 5348; 6869; 9485; 8581; 4343
1585; 2776; 2604; 1175; 9490; 4068; 3390; 7734; 6678; 6317; 7878; 3604; 4360; 4389; 7651; 7972; 7321; 6666; 6966; 7598; 7903
918; 8877; 7453; 9701; 9450; 253; 265; 7796; 423; 1834; 5245; 3031; 3532; 2734; 1263; 1265; 8655; 3712
4740; 9373; 9284; 7892; 7428; 5534; 9691; 3403; 1047; 4708; 5173; 5642; 6854; 1833; 1145; 6012; 726; 1878; 4505; 2697; 812; 3704; 8750
1502; 1421; 1546; 7689; 7392; 3558; 831; 4199; 7600; 1654; 7650; 8028; 4421
5968; 6574; 7027; 5769; 8747; 3648; 1214; 2422; 1294; 858; 3420; 6903; 7670; 1005
1397; 3040; 292
1111; 7596; 3691; 9730; 8896; 7501; 1466; 3126; 7386; 482; 1429; 4803; 4132; 7084; 2044; 9950; 1496; 8364; 4609; 336; 4540; 9830; 2159; 4159; 4443
86; 5032; 7768; 154; 348; 1949; 9939; 8152; 1213; 685; 2761; 1300; 8827; 3078; 4074; 6239
2105; 9411; 7454; 9916; 2797; 2246; 1970; 2047; 3457; 7026; 5252; 6573; 5528; 518; 3734; 9048; 9239; 4308; 8799
5801; 5197; 6061; 2512; 6936; 2212; 2176; 7418; 2308; 1852; 608; 9346; 5284; 8394; 5755
762; 2961; 9410; 2326; 7510; 7777; 1707; 6650; 3430; 3842; 575; 571; 5494; 6346; 9898; 6138; 8371
6810; 313; 4477; 3854; 5058; 7747; 1729; 8398; 7623; 8090; 7273; 1027; 3931; 5451; 5006; 1485; 6367; 134; 5831; 6899; 7029; 1490; 6576
8490; 4292; 427; 3007; 4062; 6544; 5127; 9684; 2985; 3864; 8695; 3359; 3348; 359; 2755; 3087; 4570; 1273; 2643; 7339
1435; 7484; 8631; 111; 7064; 7489; 9225; 4033; 4496; 6203; 8189; 1067; 6069; 2640; 693; 4986; 6110; 3957; 5399; 7010; 9998; 6038; 2955
9163; 1476; 5023; 9461; 9734; 500; 764; 499; 3463; 2199; 3116; 8654; 6898; 8248; 8320; 90; 2038
5468; 512; 7204; 3183; 1602; 666; 2466; 5818; 2929; 8431; 6191; 6173; 4956; 117; 9622; 1713; 4852; 2346; 8164; 5155; 4720; 2521; 7941; 1873; 809
4797; 9220; 2327; 1550; 4576; 6795; 8500; 5637; 3458; 9678; 9459; 8948; 9066; 1197; 2606; 3176; 5024
7149; 1304; 6919; 91; 1882; 3674; 3064; 6022; 3863; 2082; 7432; 7821; 5344; 1166; 8138; 1370; 8696; 7348; 783; 2314; 9611; 8990
8829; 7065; 5117; 7799; 7944; 2939; 291; 1534; 3892; 8194; 9230; 6770; 9897; 508; 6527; 3167; 6202; 3822
2782; 3210; 2274; 2892; 5695; 2835; 3703; 9780; 7150; 4948; 3042; 8235; 4847; 4527; 3415
3792; 1165; 5779; 2660; 320; 1753; 9194; 8714; 5612; 1934; 7945; 3756; 3014; 7599; 1489; 7316; 5932; 8480; 2677; 4400
769; 219; 6820; 997; 361; 2201; 5331; 6876; 2754; 7780; 3483; 2992; 2921; 12; 5148; 3873
3793; 1808; 4753; 3697; 7081; 4822; 7360; 6572; 3739; 561; 9369; 491; 3997; 1634; 8766; 9554; 182; 9756; 4696
5138; 4643; 7841; 606; 9259; 6967; 4910; 7215; 4771; 1088; 8322; 5553; 9530; 2182; 4520; 191
6146; 7897; 9063; 7871; 4883; 6510; 8374; 2869; 4186; 2196; 1443; 6433; 4259; 5913; 9432; 4240; 6256; 3615; 1177; 7682; 6828; 49; 8731; 9332; 5042
2787; 2793; 9464; 840; 9710; 2307; 5754; 3755; 6608; 8163; 4175; 3378; 9433; 1796; 1551; 5840; 4425; 3461; 4390; 745; 9383
4469; 1327; 6561; 5724; 6516; 9770; 9030; 6997; 2549; 5832; 3527; 6020; 1425; 7744; 8998; 1894; 8762; 8837; 2838
5814; 6392; 2207; 4117; 9495; 8441; 7833; 7730; 3413; 7737; 9278; 3221; 619; 2018; 2995; 4319; 287
2791; 7831; 2343; 3267; 3799; 2226; 8564; 9993; 3829; 7984; 1756; 8503; 3285; 3815; 9864; 7531; 5115; 6958
440; 2718; 1120; 5621; 6463; 8790; 5207; 1462; 7324; 3465; 6855; 9006; 1261; 7411; 5658; 4338; 8701
4809; 9397; 9091; 2887; 5725; 1594; 2172; 3981; 6196; 7498; 6502; 7791; 8024; 2503; 235; 7558; 9118; 6677; 4765; 640
9850; 7756; 3216; 3559; 8848; 3673; 8317; 779; 3274; 2373; 7465; 4206; 5977; 5237; 7603; 1278; 836; 4475; 3614; 3668; 5628
5820; 6647; 5454; 8406; 4378; 7144; 8447; 7187; 3557; 9629; 1354; 3722; 6204; 1560; 6156; 1797; 4988
5149; 7690; 987; 3215; 4293; 2228; 9386; 4004; 1454; 4497; 8237; 1469; 1417; 9021; 8245; 2126; 5660
5486; 6090; 4070; 3507; 8139; 577; 924; 8555; 2950; 4042; 978; 2319; 7275; 1240; 37; 4005; 2089; 2487; 3701; 7891
5487; 5503; 2227; 6131; 2349; 9159; 377; 5889; 3008; 6741; 5161; 4865; 1474; 1460; 8312; 8531; 9079; 7503; 9020; 6951; 8739; 3330
7839; 5356; 6615; 5727; 4486; 5910; 5837; 653; 1207; 3525; 9855; 927; 3169; 784; 4120; 5613; 257; 4614; 5372
3136; 1231; 2740; 254; 4532; 2662; 698; 2608; 8952; 1121; 9915; 2692; 9578; 4817; 7114; 6175; 4648; 2097; 9027; 5318
7169; 1141; 3584; 1885; 1923; 8459; 2375; 1709; 6320; 4215; 2557; 9857; 5449; 20; 6341; 7881; 6775; 1607
9858; 7908; 4989; 9005; 7533; 8634; 7583; 9217; 2181; 4650; 9729; 9774; 8678; 4312; 5899; 112; 2870; 7074; 2850; 7787; 2282; 6440
1459; 9248; 1979; 3475; 3746; 6149; 1286; 5890; 2414; 5827; 2243; 8992; 1428; 3639; 928; 2834; 9626
2804; 8456; 7536; 7247; 2642; 5180; 2562; 9465; 2897; 3813; 1092; 753; 9406; 8434; 57; 9062; 2186; 6462; 6165; 8404
6837; 7044; 6284; 4381; 1541; 9992; 6875; 2666; 5158; 6087; 2256; 3054; 2013; 8625; 1836; 378; 5061; 792
9191; 9103; 8382; 5178; 6977; 7022; 135; 520; 7363; 6279; 31; 6722; 8988; 9255; 6504; 4158
6846; 4856; 9086; 9203; 844; 6231; 8191; 968; 3277; 3881; 1593; 9122; 3849; 4526; 5606; 5835; 7346
6848; 6853; 1003; 7217; 5893; 8865; 3896; 1891; 9201; 7063; 9322; 496; 4385; 1407; 2416; 967; 6264
8280; 5867; 7979; 6351; 3325; 5766; 7457; 1283; 4233; 6363; 3384; 9640; 5680; 889; 879; 6792; 3906; 4772; 4454; 5989
4921; 9263; 2681; 8735; 6622; 8300; 7869; 9110; 1723; 4168; 9312; 5995; 9624; 6292; 7906; 690; 8253; 4321; 5190; 1315
9961; 3650; 6911; 1703; 4093; 5370; 4255; 9407; 5685; 3159; 9356; 5688; 2978; 8888; 7115; 6281; 5920; 1915
218; 2879; 7181; 6421; 7638; 237; 2906; 8628; 8068; 9385; 6530; 4169; 641; 3045; 1250; 7577; 1819; 264; 5290
8283; 2146; 7953; 5732; 3904; 567; 486; 9963; 5299; 9529; 4953; 2727; 6688; 1230
6942; 2873; 6754; 2911; 5722; 4841; 9632; 917; 9196; 1293; 3383; 5537; 8069; 483; 9796; 7279
896; 8938; 7451; 3248; 7639; 7677; 8296; 9890; 9210; 8786; 2986; 7952; 3076; 13; 6273; 5620; 9607; 6648; 3165; 4055
6275; 5907; 6435; 6948; 6280; 8050; 6415; 689; 4180; 6628; 9304; 725; 4937; 1244; 9755; 8423; 3308; 7715; 9018
1580; 277; 9059; 5177; 4768; 8914; 5568; 4507; 8359; 22; 7848; 4960; 3597; 6751; 9316; 7293; 3867; 7371; 4323
4942; 5709; 312; 6094; 9107; 2830; 8041; 873; 9560; 2318; 6037; 4914; 9646; 391; 9445; 5900; 2591; 5956; 2592; 7642; 4334; 2209; 7104; 3741; 3282
7296; 242; 2200; 6963; 8738; 4277; 8076; 2215; 3361; 4317; 7888; 3954; 921
4281; 7129; 8342; 5126; 6297; 1052; 586; 8112; 4954; 7219; 6368; 7800; 410; 7643; 9392; 7544; 5322
8315; 6072; 4413; 7397; 6778; 6307; 2965; 1322; 8711; 2694; 4764; 9751; 3039; 4224; 1420; 8941
2696; 4376; 3069; 7671; 3968; 9241; 6916; 1356; 8250; 736; 5224; 2702; 6388; 1384; 2683; 6350; 1697; 6520
4049; 8917; 1698; 2289; 5730; 971; 5396; 6524; 6068; 1229; 8932; 4846; 1299; 6405; 9813; 8605
9767; 7464; 5328; 5398; 4030; 2624; 3387; 5063; 7724; 1216; 9469; 47
9435; 2492; 5340; 5771; 3680; 2380; 5188; 4247; 8120; 5377; 3737; 6651; 4113; 755; 6329; 7206; 4003; 6349; 6917; 3562
2842; 4426; 4733; 5856; 2518; 4023; 4368; 3724; 7012; 9900; 7085
3391; 6113; 7382; 317; 6531; 5444; 2647; 7858; 7923; 2473; 331; 6334; 295; 8038; 9537
2048; 5921; 8084; 6865; 6457; 6895; 7727; 2720; 9105; 1715; 1509; 2890; 8855; 4367; 1737
4405; 3300; 5077; 1289; 4408; 4746; 1557; 1269; 8442; 4077; 878; 471
8201; 1198; 2886; 8344; 524; 9599; 7870; 7555; 9955; 8721; 8586; 742; 7524
7872; 4788; 8676; 9219; 2998; 7900; 1280; 1223; 7886; 8937; 3077; 6532; 9581
3513; 3666; 4032; 1839; 6879; 3193; 992; 1132; 8384; 5202; 7935; 8699; 7248; 4533; 1176; 8321; 6681; 8330; 6311; 1133
76; 9942; 5915; 2964; 3653; 7460; 7343; 5655; 6352; 5093
9922; 2345; 758; 4774; 3662; 6467; 7595; 3426; 2330; 6134; 6371; 9743; 6375; 1095; 6116; 3431; 2193; 8149
5477; 5228; 2563; 6912; 4551; 5892; 7260; 2224; 3542; 9728
1319; 5333; 975; 5354; 9956; 1335; 6705; 3996; 8032
722; 1343; 4700; 6004; 2283; 8064; 9742; 4950
5663; 3288; 6322; 2259; 559; 495; 2786; 1538; 8685; 3844; 9885; 6860; 2395; 1770; 82; 7052; 4354; 8476; 1302; 3638; 8154
4122; 1963; 181; 9119; 1161; 8637; 4876; 1536; 6986; 4011; 5678; 2794; 6765; 2223; 8639; 7417; 794; 8983; 4146; 8805; 1847
1099; 7746; 623; 2760; 3823; 4057; 10000; 9292; 3317; 1030; 2501; 4393; 5823; 2005; 1956; 3828; 477; 2281; 765; 6632
4461; 9952; 3299; 5669; 5664; 5551; 1136; 3086; 6377; 307; 1695; 3444; 4911; 9072; 8184; 4562
1776; 2059; 6994; 26; 2014; 6593; 5523; 6508; 7701; 9528; 285; 3004; 2936; 1615; 7825; 3754; 8541; 5511; 7742
7491; 7011; 9051; 8458; 6304; 5935; 8227; 3889; 1416; 1892; 9377; 1883; 3232; 866; 1772; 2336; 8080; 9131; 8879; 995; 5500; 4849; 4754
9507; 1209; 4418; 5008; 5072; 6071; 4946; 8402; 416; 84; 4843; 3195; 1275; 1613; 1718; 6787; 8332; 5095; 1128; 7575; 5345; 6686; 3460; 9932; 5104
187; 1664; 4412; 2305; 5519; 9360; 9935; 6422; 2184; 2160; 7308; 9214; 531; 2506; 7426; 450; 8627; 6107; 3687; 1636; 752; 6734; 4087; 9794; 5868
101; 6364; 9662; 3434; 853; 8759; 5195; 140; 854; 2060; 1902; 4925; 39; 2149; 5983; 1835
3800; 3043; 2558; 881; 314; 4455; 8703; 1017; 7078; 6002; 6835; 1246; 6318; 4480; 7584; 1048
4808; 5592; 8000; 6185; 8873; 5144; 8707; 220; 3333; 3594; 938; 2295; 3435; 3094; 9402; 1542; 8727; 7006
441; 3515; 4299; 8569; 2544; 9143; 1482; 956; 1444; 9592; 5153; 8450
1786; 8389; 8870; 9875; 234; 7627; 2255; 4140; 9289; 9114; 8920; 7851; 7514; 258; 5985; 1063; 4723; 4963; 4952
9181; 2550; 9342; 2486; 6198; 2411; 1318; 4012; 2179; 1347; 3135; 2232; 4071; 8551; 1297; 4891
7168; 1871; 9275; 4826; 2175; 8233; 7653; 7975; 1054; 8013; 4887; 9597; 3091; 1154; 4659; 5278; 3419; 1272
451; 6616; 1820; 8309; 3980; 8958; 3831; 6752; 6738; 1872; 2585; 59; 9233; 2989; 3092; 7736; 6339; 1973; 2157; 7513; 8314
3818; 9904; 7769; 9753; 7629; 2409; 5283; 9760; 4832; 9297; 587; 9579; 1334; 282; 6398; 4539; 9810; 2590
2476; 1974; 9735; 2676; 2269; 2280; 4569; 1861; 5610; 8008; 7229; 8334; 5306; 7023; 5329; 2257; 481; 7624; 9090
462; 7017; 1472; 7617; 2062; 8580; 5927; 5993; 5928; 3249; 8002; 8697; 8583
5265; 5911; 4777; 5272; 7298; 267; 2581; 4573; 2397; 1199; 5548; 1821; 8592; 9479
4263; 8537; 7933; 3942; 371; 9893; 1997; 8247; 9714; 8807; 9395; 8415; 129; 2586; 6767; 8210
9982; 8643; 3768; 6461; 2597; 2267; 4619; 2607; 9786; 3686; 5741; 7467; 7342; 2272; 3063; 3866; 6731; 3410
3036; 5656; 2369; 7234; 7553; 1766; 1670; 6749; 5393; 6074; 2439; 8769; 7922; 714; 4167; 6197; 744
3771; 7695; 6021; 7241; 6127; 1281; 2093; 1089; 7815; 2219; 2311; 8236; 6587; 848; 7546; 2837; 6665; 3541; 6044
6888; 4968; 6812; 4853; 488; 1011; 3315; 3353; 6698; 9933
9178; 2843; 6262; 1999; 5987; 1467; 5239; 4827; 5740; 1598; 7680; 6192; 1858; 3028; 6783; 9924; 133; 5773; 789; 5738; 1682; 695; 7048
8488; 6908; 231; 5863; 6245; 2050; 6809; 5633; 342; 2730; 2080; 1396; 9642; 4845; 8927; 3743; 3270; 6584; 6490
2945; 1152; 8204; 6469; 5435; 5130; 2147; 735; 284; 3226; 539; 7139; 5374; 9519; 8811; 6443; 7901; 6669; 6189; 1762; 8527; 4674; 1514
6894; 1874; 5440; 5611; 7328; 9390; 6542; 5728; 8508; 9736; 2824; 4623; 1589; 3379; 8129; 8515; 1519; 5339; 8065; 3190; 1071; 4034; 7614; 5687
5383; 717; 6401; 8736; 8066; 5679; 8044; 8074; 730; 480; 5649; 843; 3908; 9064; 3497; 3852; 8912; 674; 9286
8323; 9231; 6909; 8414; 1640; 7934; 9643; 1657; 1221; 544; 5739; 43; 3273; 8240; 5184; 1571; 8473; 8689; 379
8324; 4478; 9188; 2859; 9514; 5924; 1077; 8744; 3582; 3922; 9140; 6353; 1619; 1957; 7840; 8963; 6540; 1932; 2974; 5895; 7153
686; 4870; 3051; 4089; 2115; 5426; 565; 4694; 1313; 6431; 3750; 8795; 2990; 8919; 5267; 3944
3377; 1411; 6801; 2340; 7140; 7201; 4447; 6417; 6133; 9637; 2092; 3482; 225; 3882; 3732
5898; 4315; 1363; 8939; 3134; 801; 1806; 2748; 9206; 130; 4387; 1783; 8455; 3163; 271; 7102; 6459; 4257; 4464; 2848
4053; 8133; 9180; 9273; 474; 4449; 6244; 4226; 6051; 2111; 6871; 2260; 1239; 6760; 5705; 4618; 9972; 3072; 965; 9708; 4019; 6596
1639; 913; 9787; 4511; 5672; 5433; 6099; 3289; 7110; 2415; 174; 9288; 9896; 1645; 8220; 6694; 833; 3006; 6118; 6283; 4444; 667
8208; 2364; 5962; 9323; 3846
3963; 4522; 2150; 4981; 6987; 2297; 8453; 6769; 9826; 5336; 4178; 3428; 1483; 9667; 9355; 6483; 4228; 3032
7228; 3878; 5338; 9838; 903; 6057; 465; 9633; 626; 260; 1473; 4265; 1413; 691; 1548; 7312; 3682
7564; 6984; 396; 1000; 4593; 6080; 6216; 9598; 2534; 9480; 4328; 1769; 2189; 557; 3244; 5854; 1114; 7909; 3564; 656; 457
7732; 9300; 8058; 9032; 3581; 9520; 3602; 401; 3225; 932; 3181; 9416; 4448; 7561; 9584; 6359; 8427; 8911; 4755; 4770; 7438
8656; 763; 360; 4863; 3340; 9542; 9434; 4416; 9463; 4913; 5262; 974; 6726; 8836; 2054; 3019; 8728; 2942; 9675; 6969; 4902; 303
8826; 1693; 5817; 8213; 3907; 6034; 4182; 6278; 8780; 5683; 2127; 4795; 2058; 6411; 2332; 9137; 4796; 9368; 6380; 933; 9806
8241; 5897; 5701; 3372; 479; 4805; 9081; 3385; 8148; 1676; 962; 3035; 3999; 770; 8416; 3910; 5905; 9457; 3779; 9046; 5035; 3820; 4352
3371; 7593; 5162; 4782; 463; 785; 7117; 2638; 9344; 3423; 9468; 6227; 5347; 5482; 908; 2405
7907; 5442; 6240; 3911; 6711; 7404; 7244; 816; 8160; 1110; 5673; 8529; 2114; 7422; 5782; 9819; 9443; 6316
8329; 9804; 9995; 3924; 8871; 2893; 7949; 8116; 9393; 5261; 2116; 3796; 5529; 4944
7745; 9358; 8521; 5209; 1547; 4340; 5936; 821; 9460; 4905; 2403; 7579; 343; 9814; 4411
8083; 8615; 1712; 3110; 7251; 9442; 795; 3238; 1998; 8756; 9978; 1061; 2388; 8345; 5614; 5749; 8294; 3109; 4811; 7924; 9055; 2239; 3685; 9569
7673; 8376; 9353; 2258; 8902; 4235; 1631; 6358; 8183; 7951; 3731; 5412; 6973; 9276; 3655; 8370; 3399; 2605; 5667; 4501
3512; 8632; 7782; 6434; 2741; 4940; 7716; 8289; 1895; 6604; 7189; 9236
73; 5375; 8725; 5038; 7116; 5776; 4183; 2674
23; 3786; 1616; 6924; 5870; 1392; 4889; 5743; 4553; 8552; 3976; 4545; 8926; 2802; 2884; 8239; 9614; 5225
9496; 5358; 6235; 842; 240; 4752; 8509; 3302; 9832; 8694; 9758; 1025; 9415; 5342; 3633; 125; 2695; 8264; 7196; 5408; 8862
1433; 8861; 4574; 149; 1458; 9765; 2703; 7452; 1525; 4356; 9243; 1072; 2491; 9509; 7942; 1218; 3612; 6528; 5735; 7950; 7203
9162; 3836; 984; 290; 4123; 4599; 6804; 3706; 6427; 2743; 9534; 7793; 5387; 1680; 7835; 4961; 5573; 6556; 9208; 6230; 6791; 8722; 4974; 4893; 2448
6139; 8056; 8155; 2434; 368; 658; 5264; 5809; 487; 1436; 4939; 6312
5132; 1644; 3256; 2781; 9697; 3066; 2745; 7378; 6222; 9789; 8400; 3343; 8574; 3841; 7030; 3493; 9010; 1461; 569; 1553; 5805; 1740
7485; 8195; 147; 4102; 2561; 3804; 8383; 3821; 7032; 9966; 669; 1666; 8098; 5046; 5054; 1843; 4111; 7620; 7755; 7987; 3454; 8350
7822; 9158; 9568; 8995; 3479; 1008; 6089; 7385; 9287; 2341; 6361; 598; 6338; 8393; 376; 4048; 6221; 2630; 1855; 1103; 4608
4127; 7850; 5943; 1733; 1212; 1290; 1879; 5330; 941; 4258; 5808; 650; 8538; 636; 7487; 657; 7152; 1504
1104; 2785; 9749; 8657; 9870; 9899; 3121; 281; 2244; 6471; 3318; 3291; 3334; 4719; 4471; 2354; 3672; 4401; 3803; 1778; 4541; 3843
1442; 5699; 5099; 5997; 247; 7537; 1254; 7056; 5744; 3540; 4996; 1647; 4583; 6950; 1234; 3664; 740; 5215; 1909; 5062
9842; 1767; 2609; 3368; 7071; 1760; 4137; 6253; 5675; 5760; 3059; 8354; 1576; 6819; 9396; 3146; 4188; 8955; 2772
6148; 8262; 7250; 5175; 7776; 9277; 2588; 69; 2010; 7492; 2975; 8263; 9540; 5938; 4714; 8929; 8405; 6492; 1597
5141; 5869; 3061; 6611; 1130; 9759; 8567; 6514; 3464; 7601; 2845; 7401; 3370; 8502; 8295; 3369; 2455; 1804; 1856; 5768; 4923; 9475; 7058; 165
8840; 9888; 4116; 2679; 362; 2657; 5146; 9151; 6592; 7399; 6324; 9082; 4941; 788; 9095; 2800; 2795; 7108; 5508; 1521; 8922
5484; 1149; 4813; 3961; 7254; 6800; 4630; 8663; 4164; 3443; 1310; 1020; 3286; 3660; 8868; 5786; 9429; 2976
7837; 1897; 54; 6852; 7320; 2049; 993; 9798; 4216; 5584; 9452; 2798; 8517; 4622; 8635; 200; 250; 1009; 829; 7171; 1743
8174; 7274; 9301; 4359; 5748; 1728; 8893; 2764; 7258; 3057; 8658; 8375; 8182; 143; 3535; 9149; 2537; 7290; 5824; 2531
8850; 3024; 3281; 473; 5986; 422; 4546; 6617; 9147; 6217; 8072; 8594; 6750; 3847; 7814; 8532; 4762; 1456
4819; 2357; 2359; 3636; 9348; 2527; 8572; 6163; 9071; 4198; 6076; 4109; 4784; 2721; 7475; 899; 215; 8688
3140; 8945; 5315; 1841; 7109; 5388; 5156; 7350; 6097; 2947; 6164; 6836; 8395; 3301; 3859; 4895; 6727; 3492; 9539; 7921; 75; 869; 7568
115; 204; 2406; 5994; 3595; 6735; 6679; 7276; 6241; 5064; 1685; 8448; 456; 7655; 1628; 7419; 9404
2808; 5930; 5516; 2004; 8934; 1163; 3060; 7855; 5214; 5496; 738; 1249; 1731; 8147; 4958; 1076; 1991; 954; 1912; 5242; 9453; 5106; 1129; 1173; 5908
458; 392; 7138; 8343; 1699; 2991; 5555; 7472; 2541; 4612; 5737; 5075; 9420; 3622; 4161; 6602; 4621; 6506; 4491; 2309
7515; 2914; 2191; 9902; 7853; 9928; 703; 7021; 2334; 5792; 9762; 6938; 1511; 2477; 4018; 7094; 3251
3587; 5578; 8063; 2711; 6419; 5948; 7477; 66; 1081; 1530; 4434; 2968; 9657; 8962; 236; 3200; 9971; 1573; 167; 7582; 6779; 7; 5025; 128
564; 5554; 3283; 8462; 2983; 1966; 9975; 2143; 4745; 6195; 5756; 3201; 9271; 3588; 6700; 8712; 612
3589; 2496; 4663; 9409; 2729; 9294; 5041; 5862; 9256; 9940; 3659; 9483; 7554; 8034; 1266; 6610; 7097; 1037; 5941
9303; 4633; 3845; 4213; 7195; 233; 2211; 679; 8243; 1869; 2707; 8265; 8860; 1969; 9644; 8466; 9382; 911
3936; 4563; 4534; 5247; 5122; 8979; 9016; 6965; 747; 5191; 8477; 3943; 1326; 420; 5627; 1349; 4179; 8075; 5413
2022; 3988; 696; 3171; 3375; 9672; 175; 1497; 8560; 3708; 6428; 707; 8418; 1375; 5996; 4110; 8130; 5684; 4007; 6710; 9565; 6739
9763; 8430; 2569; 597; 1032; 1739; 5039; 7904; 7781; 6745; 7786; 9801; 602
9436; 8212; 8880; 4406; 9028; 7997; 9945; 6088; 4848; 4362; 4303; 4506; 9874; 4241; 3297; 7864; 2203
6194; 9797; 4350; 5624; 7876; 5462; 56; 998; 3173; 6458; 2746
5861; 7380; 9588; 1832; 1948; 5196; 3635; 8614; 9025; 4525; 6208; 9576; 2079; 4873; 385; 9462; 5212
259; 985; 2301; 6382; 7047; 9029; 1523; 8326; 1513; 4699; 2286; 8693; 3971; 279; 2333; 8611; 2633; 5124; 4415
6441; 5763; 3560; 4766; 7789; 1734; 622; 6902; 162; 5670; 8360; 672; 4325; 3983; 9585
304; 4227; 521; 8379; 6683
3538; 8475; 9923; 6460; 7720; 1750
8316; 5000; 3960; 1982; 590; 6657; 4620; 9886; 9166; 9430; 8059; 5343; 594; 418; 2493; 6881; 3113; 1102; 4934; 5421; 3897; 6901; 9704; 7834; 3170
9160; 1757; 7431; 6031; 4028; 2766; 7572; 1439; 7828; 1146; 2061; 1098; 9791; 4571; 5498
1097; 1189; 9831; 2768; 6718; 5644; 1183; 2655; 8604; 8534; 4706; 2951; 5037; 1464; 8544; 1276; 5961; 1577; 8773; 7319
87; 5463; 2728; 648; 4430; 1630; 7820; 9262; 5429; 2138; 8595; 1484; 5762; 1972; 4237; 6413; 951; 9920; 6639; 5401; 7672; 4244; 6425; 4787; 2447; 1085; 1480
171; 9251; 459; 6505; 7807; 221; 5016; 2194; 1368; 771
7481; 4462; 9075; 882; 5677; 2825; 4642; 1355; 6585; 7861; 3850; 5923; 6737; 7687; 2956; 8387; 3663; 2337; 6774; 6084; 5810; 647; 1746; 2898
1434; 2342; 5806; 6345; 7412; 4307; 6915; 7369; 543; 7657; 2878; 395; 8369; 8813; 654; 9070; 1314; 3940; 4909; 8336; 7625; 355; 5078; 3534; 2040
8825; 7518; 6793; 4485; 5934; 1451; 10; 256; 8821; 6730; 6108; 493; 3470; 8924; 7486; 3546; 5427; 3891; 6486
9833; 1868; 8045; 2931; 3919; 2823; 8410; 9357; 8279; 1495; 2075; 7197; 5999; 7784; 131; 1887; 7640; 9320; 7205; 4761; 7920; 4311; 4026
3451; 5017; 9067; 5833; 4731; 3412; 9894; 2303; 5803; 9696; 3132; 8726; 7183; 3762; 1217; 2315; 1745; 4091; 811; 6160; 8875; 7955
6475; 860; 4973; 1069; 4943; 2623; 7024; 757; 6571; 6840; 1626; 6940; 3089; 9526; 9991; 1255; 1936
89; 7683; 3801; 9489; 1627; 2217; 7389; 9474; 173; 5796; 9782; 1083; 3217; 2119; 4818; 7345; 144; 7050; 3871; 8803
3452; 4460; 2895; 2910; 6123; 8729; 746; 1337; 3104; 3580; 9809; 6533; 4231; 9653; 9218; 4748; 7158; 2471; 6621; 5491; 3003; 7648
6140; 461; 3720; 383; 5707; 3082; 8156; 8700; 2820; 9291; 1893; 7303; 5945; 6507; 4204; 1380; 4300; 4559; 6886; 2381; 9621
3789; 514; 2076; 5474; 2626; 3773; 4069; 6333; 4153; 1448; 615; 5395; 164; 3141; 4384; 537; 5003; 1977; 7928; 7028; 2351; 4358; 4155
5469; 6605; 2187; 8188; 9693; 3915; 2924; 7939; 3472; 2637; 3761; 9812; 8372; 7926; 3862; 1857; 983; 430; 4602; 8691; 5052; 6257
767; 2465; 9375; 6847; 6491; 2198; 9563; 5659; 5378; 562; 7929; 708; 1224; 2854; 93; 2836; 7136; 2344; 7112; 4993; 6468; 7622
2783; 668; 8172; 4862; 9438; 333; 6714; 969; 6655; 3099; 5556; 7434; 9784; 1150; 4906; 7854; 576; 9873; 9953
3791; 9026; 2273; 3177; 3707; 7505; 4760; 3696; 9970; 713; 8196; 2152; 9094; 3877; 3120; 1012; 2999; 7020; 2362; 8001; 5588
4799; 6135; 8606; 5785; 5525; 3566; 8411; 5513; 4072; 4661; 7889; 6868; 1844
6144; 2205; 3777; 8751; 6479; 504; 9002; 2685; 9951; 1312; 3446; 5089; 4374; 4054; 4836; 6808; 8171
9504; 9000; 957; 6464; 2417; 5575; 1807; 5002; 4718; 6743; 1271; 9595; 4220; 4935; 5140; 433; 5312; 5960; 9808; 2032; 2100; 7502
4130; 5618; 386; 949; 5567; 48; 4775; 4; 5390; 1846; 7954; 588; 1042; 8768; 1184; 3738; 937
4802; 5704; 319; 3459; 2094; 4985; 8513; 9484; 5410; 4490; 1621; 8399; 9666; 2664; 9401; 5443; 7969; 5436; 8784; 3161
5475; 2156; 1338; 2584; 7135; 270; 4992; 6147; 1710; 1457; 6559; 6701
184; 2387; 6211; 4166; 3156; 7095; 5022; 9132; 3157; 976; 777; 1222; 8936; 1108; 7959; 5650; 545; 6499
9508; 7785; 4936; 4542; 2290; 2731; 819; 3900; 8501; 4530; 4715; 2169; 8386; 4890; 438; 5958; 5583
3462; 6091; 6494; 5310; 9310; 7462; 4516; 3683; 9807; 7269; 4965; 8048; 7844; 9473; 596; 4884; 8408; 5693; 246
4134; 1062; 9148; 6035; 1990; 2321; 3213; 8838; 8435; 7305; 6557; 7587; 7862; 9253; 2814; 7354; 4783; 4280; 9058; 4185; 9112
9174; 5531; 5632; 4693; 825; 6545; 9337; 3480; 7788; 1651; 4075; 1321; 6744; 7808; 8070; 5784; 8180; 2316; 806
9175; 2120; 2396; 8311; 7637; 9092; 9340; 7373; 7408; 7721; 1402; 2819; 2716; 510; 9848; 9179; 41; 2265; 8820; 6104; 1324; 9521
7497; 7932; 9421; 970; 4778; 8719; 6859; 4332; 1705; 8841; 5616; 1259
3130; 4290; 9264; 296; 1001; 6295; 7927; 7100; 406; 6393; 1816; 7957; 8598; 5515; 8884; 8843; 4492; 8638
6493; 9879; 3837; 7265; 447; 980; 9388; 9605; 9232; 3599; 7857; 1826; 3520; 3826; 332; 8903; 8789; 7585; 5563; 6162; 3501
1455; 4260; 1195; 7711; 6644; 9098; 1153; 6575; 8049; 8397; 330; 9719; 9988; 4143; 2670; 7013; 8782; 5922; 8440
6159; 1036; 7613; 334; 4037; 8626; 8009; 9136; 3669; 7057; 5509; 8511; 114; 4949; 1646; 2749
3137; 7310; 9458; 4250; 4957; 1226; 9571; 3930; 6122; 3098; 2553; 9757; 8177; 5721; 7573; 4104; 6323; 4442
7506; 4489; 1494; 8014; 5885; 1084; 6646; 5757; 9354; 5044; 7669; 9350; 6501; 9060; 498; 27; 7429; 4509; 6033
1799; 6310; 4596; 3144; 7214; 7699; 1151; 7663; 4397; 1532; 9531; 5543; 4658; 8089; 6589; 914; 1620; 4014
5164; 2691; 4181; 1366; 1029; 3950; 6995; 7395; 2641; 1232; 797; 3951; 1190; 1389; 2855; 7996; 3096
6845; 2775; 5109; 5540; 5259; 6667; 2077; 5502; 7551; 7992; 7713; 9869; 9877; 6296; 4114; 7692; 4535; 646
4494; 2027; 3287; 2529; 9590; 4834; 676; 3208; 1828; 2973; 7270; 1853; 8535; 979; 4439; 9491; 2860; 4867
2231; 5320; 4024; 5258; 7588; 7105; 2903; 737
2571; 1688; 734; 9748; 9307; 8119; 549; 8099; 4027; 9948; 4262; 5595; 363; 4710; 7999; 7541; 283; 1228
4589; 8325; 9548; 6999; 9682; 2622; 5227; 8718; 1889; 2532; 3827; 8464; 7632; 4926; 1090; 8385; 3275; 2930; 5608
8968; 2752; 906; 1330; 7317; 2671; 3671; 8273; 5625; 9802; 2922; 540; 1267; 9205; 3198; 2875
7626; 3600; 5073; 4346; 2923; 3259; 4689; 1683; 1916; 415; 9115; 9586; 4707; 2252; 9944; 513; 9281; 7968; 5176; 367; 2034
8306; 5545; 4750; 7300; 2831; 3011; 627; 5011; 4288; 9207; 9766; 3320; 5662; 4291; 8980; 6537; 3642; 6420; 2183
5285; 2539; 2078; 2935; 6040; 5090; 3679; 5441; 6180; 3657; 4951; 9437; 9803; 6301; 6053; 4898; 8142; 6303; 5059; 3646; 7912; 2024
1689; 1320; 3529; 2361; 44; 8787; 1845; 682; 5086; 7406; 6445; 6063; 9228; 6448; 1696; 8046; 417; 4386
8082; 8436; 7016; 9138; 8562; 4361; 9211; 2324; 1174; 289; 6372; 3440; 2708; 3928; 8779; 9825
1387; 4021; 5379; 6609; 6418; 8198; 727; 7527; 5453; 5317; 1817; 8876; 8723; 9687; 5521
7875; 338; 1233; 8547; 2173; 2165; 8705; 5561; 3590; 4191; 6777; 2514; 9901
1160; 489; 8424; 2742; 8889; 4243; 828; 2241; 4016; 2918; 1500; 1503; 7238; 7552; 3970; 6673
5206; 6925; 4962; 6720; 3621; 2225; 9334; 2759; 939; 3573; 4635; 1612; 4239; 5668; 8483
5240; 2410; 8675; 268; 4652; 4208; 1182; 3652; 2885; 3984; 8114; 3306; 6100; 2649; 7014; 1295; 4084
1064; 6453; 5450; 6689; 5446; 9615; 2770; 7119; 6101
4554; 6591; 7478; 5582; 3214; 1520; 1383; 6407; 6229
6695; 2368; 8612; 9779; 3570; 6580; 9741; 3574; 1013; 4064; 5019; 1721; 2347
8352; 1051; 3240; 593; 6009; 2418; 7367; 5489; 603; 1690; 1637; 5902; 7445; 1913; 2400; 9378; 5746; 1596; 3598; 6347; 5845; 2053; 170; 6724; 3838; 7069; 1629; 1093
9580; 7849; 7191; 9280; 7507; 9981; 2472; 5984; 7259; 4922; 2017; 8985; 6085; 3742; 1517; 2151; 4205; 8193; 3969; 7043; 9126
5549; 895; 4701; 6989; 1669; 9705; 6236; 7750; 7427; 3182; 4058; 8258; 5102; 6153; 5998; 5916; 280; 7461; 8115; 5304; 5666
6641; 4306; 2705; 6660; 5302; 4878; 4671; 9097; 7560; 7910; 3125; 8286; 2136; 1567; 3613; 8573; 335; 2251; 8026; 7709; 5944
3114; 9670; 3578; 6430; 7998; 109; 1782; 3429; 683; 1679; 4825; 6799; 3038; 6985; 9582; 3744; 5765; 4824; 5711; 4160; 353; 5593; 3367; 7338
7147; 8211; 8299; 159; 5880; 4152; 507; 3839; 555; 3432; 7722; 9706; 2221; 4392; 3352; 3328; 5464; 2399; 8078
3034; 9068; 4365; 2545; 8536; 4407; 4163; 7765; 5957; 2668; 6438; 834; 4697; 9990; 5747; 8027; 5001; 4147; 263; 7494; 1409; 1260; 7076; 7099
516; 2264; 61; 1449; 7000; 8347; 6900; 9001; 6566; 7659; 2306; 4422; 5751; 6495; 7873; 1070; 9931; 8975; 1955; 9717; 1446; 948
6907; 2900; 4355; 9815; 3945; 793; 9617; 897; 9486; 9631; 6943; 2960; 1258; 7664; 6601; 7420
3810; 1545; 8109; 2140; 8543; 2994; 7946; 8216; 9472; 6219; 4349; 8785; 6763; 8767; 750; 4725; 9439; 1391; 370; 4202
2636; 4616; 883; 5843; 9891; 1584; 5492; 7440; 4680; 3923; 3149; 8845; 7728; 6889; 4331; 7973; 9024; 2846; 4991; 7184; 6634
634; 403; 8281; 9635; 7668; 1056; 3585; 6356; 3351; 4433; 5629; 4585; 1211; 4410; 6892
4814; 4133
2528; 3230; 5279; 1015; 8885; 2254; 5263; 2338; 9482; 4219; 1925; 4644; 2222; 9575; 9558; 8545; 1107; 1306; 4882; 6313; 8310; 3989; 402; 4601
8740; 4899; 5698; 9244; 4959; 9161; 5430; 3438; 8010; 5183; 2763; 2901; 8219; 7874; 5517; 1938; 8390
88; 1348; 3511; 2039; 4683; 9221; 5145; 4816; 9795; 1245; 2738; 6437; 1959; 2628; 8420; 3115; 868; 3168; 5004
7902; 3714; 3888; 2949; 8891; 3029; 566; 4035; 7060; 2856; 8864; 6167; 1716; 7594; 9085; 2554; 556; 800; 6309; 743; 5609; 2067; 3949
515; 8755; 1744; 5201; 4046; 1809; 2006; 3364; 7151; 5499; 3142; 2533; 8251; 705; 2021; 4088; 3998; 6624; 2206; 6962; 1590; 7749; 8192
2458; 4059; 3935; 2161; 1564; 5246; 9019; 7175; 4157; 6555; 8095; 2827; 4036; 5081; 209; 9156; 6451
1115; 1929; 1827; 455; 6073; 3605; 435; 266; 6797; 8012; 1924; 2139; 7374; 2378; 9431; 8665; 6075; 1080; 643; 6112; 7500; 453
1127; 4656; 9545; 8467; 8882; 2801; 8153; 5479; 1674; 9683; 3290; 6336; 9906; 3331; 8471; 1358; 877; 8229
4741; 3341; 1124; 814; 7991; 4838; 9648; 5416; 3269; 3905; 2669; 4691; 6931; 4595; 4681; 8950; 5524; 4702; 4115
8616; 805; 5594; 9638; 9544; 6623; 701; 6536; 9213; 5276
6832; 7236; 9564; 9222; 6654
9106; 8145; 9391; 1225; 4687; 8964; 3728; 5798; 5804; 3326; 3780; 5700; 2457; 9004; 411; 5254; 530; 6687
7816; 3071; 5875; 5391; 8468; 5235; 2467; 3026; 4342; 6060; 6693; 3050; 5205; 4457; 4436; 5879; 2154; 9359
6137; 8037; 5926; 3108; 3868; 2877; 6096; 5708; 5071; 4474; 5514; 275; 4734; 1205; 6378; 3148; 5082; 776; 9711; 2371; 2773; 2957; 3764; 9052
2106; 6653; 2618; 8433; 3495; 611; 6015; 3373; 5424; 5119; 1967; 1094; 5103; 1561; 5414; 126; 7842; 8679; 2386
4458; 1665; 8348; 6981; 5363; 29; 7628; 3747; 25; 2107; 1369; 1926; 7470; 2723; 6403; 5950; 6289; 3733; 9835; 6595; 4586; 9470
4124; 2310; 5305; 7240; 5406; 5891; 2736; 6831; 6478; 5488; 7264; 3147; 5878; 2463; 1022; 8969
8830; 9364; 3187; 2661; 1811; 5954; 158; 3715; 1764; 4529; 3770; 1134; 4254; 688; 4383; 7362; 4063; 2495; 8136; 2701; 3456; 1785; 8108
6480; 2580; 3424; 5241; 2818; 2339; 6590; 7937; 3537; 1307; 8642; 2524; 9187; 3212; 3925; 2713; 6106; 8496; 269; 6952; 4377; 5858; 8681; 3545
5137; 9695; 83; 5186; 7729; 6340; 2419; 5226; 9311; 3197; 7004; 9266; 5110; 9374; 9017; 3337; 1763
6145; 6177; 2268; 960; 8869; 3890; 4751; 8274; 7562; 6243; 2428; 807; 6299; 7525; 9003; 2084; 8472; 1109; 5781; 2240
4806; 9965; 8249; 9547; 6979; 7830; 8819; 6535; 8412; 8802; 1791; 9089; 7522; 2456; 2919; 5193; 4006
188; 6680; 5969; 7435; 9688; 4344; 8293; 5189; 8680; 8682; 4482; 8761; 7355; 3366; 5816; 1488; 4515; 2121; 6947; 6277; 4103; 7964; 4997; 4039; 5694
6826; 7520; 7366; 7340; 4987; 4897; 42; 4684; 6929; 2123; 2287; 8600; 8540; 356; 3955; 3284; 8340; 4264; 2644
1119; 7118; 6285; 7458; 2166; 884; 6849; 4144; 3294; 4896; 8647; 3979; 122; 2279; 161
8176; 17; 6725; 3041; 8854; 6877; 1677; 8016; 3656; 846; 5886; 6503; 6893; 6960; 2083; 9947; 4189; 7174
4828; 6565; 591; 1475; 4435; 7516; 1947; 8966; 1357; 1204; 7967; 3174; 9120; 9039; 9868; 5652; 7571
9533; 5167; 2026; 526; 3508; 5221; 1722; 741; 5959; 4932; 4972; 3855; 7284; 2145; 7545; 4947; 8267; 9371; 1501
5170; 4872; 2510; 6109; 4713; 9905; 9570; 5883; 2872; 712; 7569; 5591; 5012; 3883; 6132; 6522; 9960
8953; 8897; 994; 6930; 8218; 3184; 5914; 8246; 3261; 3056; 9962; 3374; 3295; 9538; 2594; 2583; 9328; 5641; 8409; 4587; 988
6728; 2204; 2003; 8269; 4518; 6941; 6287; 9817; 1021; 2744; 2574
4590; 1724; 7425; 2704; 1662; 5623; 1961; 5522; 2390; 8974; 3178; 4767; 6383; 1359; 3921; 2162; 8770; 9997
1242; 5313; 2262; 7336; 6742; 573; 9681; 8737; 6408; 9258; 8636; 2891; 1595; 9645; 6581; 3903
2598; 3202; 8266; 5770; 6586; 6028; 5860; 5726; 6918; 934; 4636
1928; 9908; 8071; 7106; 9022; 9101; 8460; 7377; 2041; 3661; 925; 2202; 620; 78; 3990; 6067; 3047
3725; 5210; 3498; 8093; 5577; 1717; 839; 6059; 5852; 5181; 7370; 5439; 832; 6423
7863; 5848; 8203; 5857; 6975; 1155; 3235; 4295; 9325; 7473; 7649; 4858; 9426; 6126; 1507; 4558; 6259; 9910; 4763; 5882
506; 4722; 3760; 6642; 2548; 6025; 3100; 4538; 5634; 9805; 2612; 5335; 9824; 1353; 9680
3634; 2627; 8005; 618; 7718; 2132; 169; 5364; 388; 7349; 8603; 6010; 139; 8469; 9428; 5448; 5027; 2090; 5373; 3102; 6716
1655; 2771; 862; 381; 2888; 3338; 1528; 6696; 6904; 7809
5904; 8297; 6691; 3816; 7994; 7301; 5217; 3175; 5964; 2719; 4045; 2329; 3449; 2294; 3941; 9168; 7974; 15; 4735; 8465; 845; 5174
6473; 1701; 1262; 6255; 5134; 3084; 6805; 6668; 1818; 4095; 8970; 631; 8923; 354; 9546; 5697; 9596; 2429
4794; 9054; 3982; 7173; 5988; 8624; 6773; 1632; 3670; 7490; 329; 8846; 9828; 2959; 6365; 9336; 3022; 7325; 1087; 4915; 6815
6474; 6656; 6719; 550; 9616; 8672; 4611; 5940; 9641; 2874; 4757; 4171; 6643; 4119; 766; 9715; 9518; 5160; 7714; 3119; 3278; 1649; 1984; 2858
7818; 1918; 5365; 7803; 1789; 3757; 5208; 9698; 7436; 5257; 3596; 1790; 3316; 7164; 2230; 8494; 2538; 1049; 1431; 7159; 9043; 9669
6816; 9116; 9661; 1777; 890; 4301; 2135; 4514; 1812; 5717; 2098; 2688; 2063; 7856; 8022; 4918; 324; 9692; 4790
9169; 665; 7331; 2747; 2817; 551; 7495; 8516; 6228; 5990; 464; 8957; 6932; 6218; 4634; 7313; 1344
7154; 6187; 5942; 4309; 7079; 2374; 5301; 4907; 4196; 1907; 1371; 4165; 9172; 2603; 5268; 781; 5213; 2663; 412; 6785; 6263; 6077; 1831
98; 9821; 4452; 9227; 7521; 2620; 6120; 3143; 7493; 4938; 5142; 2275; 3729; 9800; 322; 7224; 6766; 9676; 9974; 2030; 1862; 4318; 8523
5478; 53; 7066; 7237; 1277; 2933; 5933; 9250; 8381; 8797; 9182; 1408; 3694; 5533; 6956; 5651; 7083; 9370
206; 9650; 9212; 9009; 1253; 6515; 7665; 2469; 8754; 1870; 678; 8999; 3870; 3481; 9478; 3860; 7096; 2008; 599; 7132; 230
3485; 9157; 5287; 644; 3239; 4639; 7414; 7741; 4549; 3332; 176; 3644; 7686; 3000; 7036; 8202; 8878; 2717; 5559; 546; 7956; 4192
902; 6247; 7450; 6248; 6348; 1910; 8692; 5231; 8652; 4450; 9302; 2927; 8793; 3665; 9559; 3209; 9057; 748; 9573; 6753
904; 1919; 1942; 5250; 4729; 4892; 3531; 1971; 1587; 6776; 3276; 9061; 8976; 2540; 2424; 1611; 3336; 5617
6625; 6807; 466; 4061; 9481; 1927; 3268; 6631; 2619; 7538; 7645; 697; 7771
7754; 9926; 8733; 2413; 9771; 5445; 706; 9968; 5366; 9788; 9712; 595; 9876; 9878; 5281; 5846; 1148; 4977
1622; 3658; 6003; 7678; 6906; 7930; 5887; 9362; 9702; 9387; 8542; 8225; 4230; 2322; 7540; 4329
5587; 8; 9034; 7905; 3623; 3439; 4888
1505; 3409; 4728; 6607; 7142; 344; 6704; 2453; 63; 2908; 5589; 7448; 2064; 4488; 4964; 4561; 6842; 2031; 8161; 5635; 7306
9076; 2086; 7098; 7559; 4598; 6833; 3504; 2451; 3425; 5547; 299; 8910; 6049; 3627; 8035; 183; 7390; 6373; 1941; 8178; 7188
2190; 8724; 6920; 8244; 2937; 9566; 7543; 7826; 1068; 1781; 2876; 5973; 694; 4079; 8380; 8378; 8478; 4382; 2615
2946; 535; 3257; 950; 6128; 1079; 321; 534; 8079; 1082; 4067; 2926; 4097; 5647; 9008; 6412; 3579; 7557; 3030; 4844; 346; 5295
1352; 243; 3991; 6732; 5327; 7233; 1010; 9319; 1694; 9399; 8482; 2984; 6288; 3020; 2144; 6990; 3947; 4669; 8997; 6703; 9984; 7757; 6078; 613
3790; 3509; 7130; 8018; 3312; 7402; 5361; 7913; 4174; 8982; 3719; 404; 5723; 5965; 9881; 103; 497; 1164; 5603
2868; 4670; 7993; 309; 5778; 9778; 4320; 255; 9630; 3778; 8933; 9550; 6946; 3758; 4236; 7330; 6863; 8223; 4716
6564; 2651; 6781; 3616; 865; 9884; 4945; 6521; 9185; 8558; 2370; 7948; 3933; 7358; 4678; 5799; 5277
5812; 150; 4142; 3314; 4234; 3058; 8808; 4445; 357; 9722; 7764; 704; 3992; 2271; 5309; 4773; 2141; 1755; 7053; 3967
1700; 3386; 6442; 4472; 7463; 1588; 1581; 9400; 6343; 2007; 5397; 194; 2407; 3886; 3776; 4560; 2559; 2851; 6083
3049; 3491; 3784; 9577; 2546; 2799; 4594; 3192; 1635; 8126; 9856; 991; 8960; 7176; 5909; 5661; 625; 4908; 7208
8303; 145; 2816; 4273; 1508; 8706; 2648; 922; 7940; 6866
6954; 5253; 5569; 1274; 8892; 5040; 7738; 6497; 8328; 8454; 8054; 5872; 1968; 7817; 9861; 1518; 2353; 4162
426; 3414; 6626; 4660; 7812; 5574; 9845; 6582; 7075; 9240; 8683; 5790; 9523; 7710; 8853; 3916; 9567; 3436; 8881; 8977
2442; 8187; 4637; 7589; 9612; 6957; 8971; 8794; 958; 5349; 1920; 4370; 5169; 127; 2001; 8140; 8973; 8081
1771; 5978; 8238; 7529; 52; 6541; 3693; 8333; 5931; 4653; 7446; 2828; 2449; 8497; 4330; 5194; 6844; 1437; 8141; 1340; 1441
2110; 8946; 1863; 8205; 5918; 9283; 2909; 9699; 2312; 7207; 8301; 5031; 3894; 4831; 1122; 9249; 9603; 1365
6814; 7619; 1372; 909; 9889; 1116; 7549; 5357; 6619; 2712; 350; 926; 5371; 1675; 8498; 8285; 3185; 5919; 394; 5045; 6618
8158; 9671; 4536; 8368; 943; 4698; 7103; 1735; 610; 7009; 7700; 6188; 3309; 2317; 5759; 9506; 9448; 6636; 8908; 6209
2117; 6041; 942; 3690; 7919; 5648; 2391; 4572; 5791; 3893; 1555; 5220; 9145; 6736; 700; 8906; 7194; 2263; 6286
2789; 8804; 5638; 7634; 6387; 4502; 1601; 614; 4008; 1019; 213; 6652; 786; 509; 4557; 4523; 5527; 4470; 600; 3609; 6682; 99; 9958; 6169
774; 7512; 7530; 5407; 3311; 527; 138; 6267; 7376; 9949; 79; 5143; 3356; 4676; 4544; 3503; 2236; 6447; 9754
2792; 2091; 2436; 9038; 7211; 4327; 8437; 5461; 9417; 961; 1556; 1113; 8439; 3488; 7801; 1965; 7405; 910; 501; 4267
780; 7045; 389; 671; 8796; 9658; 8302; 4302; 8867; 5821; 6379; 4995; 7708; 1732; 7068; 4304; 633; 2813; 5604; 8704; 5151; 1086
3809; 4040; 3179; 198; 5953; 9937; 5552; 9365; 4673; 3199; 8851; 4930; 5376; 3344; 659; 8105; 7051; 8757; 3160; 2168
4820; 5518; 3710; 405; 2807; 1188; 6272; 5505; 6851; 6396; 1470; 9551; 3357; 4550; 5876; 9199; 900; 4419; 7517
7185; 9677; 3233; 9721; 3781; 5596; 6470; 2513; 1570; 5937; 4901; 3753; 9372; 3405; 7703; 1031; 4283; 7186; 7591; 6635; 9882; 8107
6937; 7947; 4855; 4380; 9282; 3055; 7880; 8015; 7811; 2213; 4638; 9602; 3107; 7989; 7281; 876
7282; 2320; 2812; 6055; 4000; 1248; 1866; 7866; 817; 589; 7054; 5307; 273
8304; 4298; 7883; 2979; 2497; 2522; 1170; 4629; 9985; 9317; 375; 2099; 5292; 9936; 1989; 638; 4916; 2185
2698; 68; 684; 3972; 9366; 7072; 7658; 3044; 3688; 2425; 1279
4305; 1663; 46; 4310; 2376; 7707; 7337; 822; 4654; 8103; 7794; 5674; 1727; 541; 1726; 723; 9117; 9619; 2765; 7931
6861; 3749; 9124; 7752; 168; 9339; 7887; 6927; 675
3550; 8664
7077; 1533; 5605; 3083; 9668; 4456; 6784; 8559; 818; 3772; 6890; 2535; 372; 5807; 7570; 3090; 9613
7480; 6155; 2066; 5083; 1007; 4727; 1317; 4086; 2665; 2056; 9142; 7038; 5834; 7865; 9466; 3486; 318; 1105; 6664; 189; 3785; 4279; 9422; 6294
5129; 9128; 8949; 629; 1610; 9834; 5884; 1944; 5291; 7283; 2614; 3618; 8645; 7093; 7327; 6007; 7396; 1243; 5028; 8175; 1282; 1091
5465; 5394; 2446; 893; 5839; 4631; 9665; 6344; 1452; 8760; 7590; 6328; 8828; 8660; 6249; 4441; 8526; 7597; 3033; 8224; 8259; 6141
92; 6125; 4886; 9265; 1559; 5; 1137; 9552; 1975; 6484; 4860; 4732; 2882; 8752; 4548; 3902
9502; 9849; 6369; 352; 6982; 478; 7272; 4396; 6150; 3075; 5065; 525; 10001; 7288; 3206; 5256; 3727; 6143
4465; 3468; 8818; 3218; 62; 5010; 3067; 1044; 5255; 5585; 4080; 6910; 95; 7198; 3698
3122; 9768; 380; 8055; 5382; 6939; 6509; 1867; 2658; 5216; 4704; 2902; 8313; 3402; 6250; 6482; 3934
6487; 6170; 9379; 6386; 9125; 3362; 639; 6747; 6314; 444; 6152; 1748; 4679; 9917; 7299
7162; 1004; 8872; 1526; 9237; 2459; 7772; 6011; 9973; 192; 36; 6761; 6224; 8942; 1169; 4815
214; 199; 2629; 4073; 2029; 999; 9449; 9556; 2941; 2051; 9883; 9440; 5432; 912; 2499; 77; 5971
452; 1481; 5437; 4565; 8852; 6006; 4869; 2292; 3952; 8121; 5369; 2652; 4610; 454; 9306; 1823; 4709
4823; 6690; 4717; 5560; 560; 4682; 7031; 8753; 6429; 9096; 6115; 1237; 8021; 6841; 1002
2474; 9045; 58; 4880; 7751; 4615; 1652; 2507; 751; 2582; 8996; 2654; 8623; 2853; 1552; 8776; 2943; 3321; 2171; 3088; 1471
887; 2210; 9738; 3723; 6794; 4566; 8587; 1118; 2567; 1720; 6633; 9634; 1238; 8356; 5211; 6182; 552; 3293; 6436; 5355; 568; 2617; 837
2568; 8745; 4984; 6424; 4431; 4885; 5733; 6649; 2988; 3103; 347; 1339; 7398; 3524; 3918; 7802; 8670; 9764; 946; 7605; 820; 2690; 7474; 8288; 81
8290; 2600; 2551; 2103; 5877; 2966; 9441; 4667; 5420; 2894; 1668; 4141; 2915; 7040; 2673; 990; 4552; 3260; 9403; 5418; 5049; 6637
9413; 3547; 1643; 1993; 1351; 6171; 7743; 8449; 5026; 7391; 2033; 7223; 7107; 1943; 2725; 870; 4015; 4812
1382; 8023; 8123; 6872; 4857; 3068; 4499; 5917; 2996; 804; 3833; 8060; 6707; 67; 7792; 7365; 6802; 3506; 9707; 5657; 6884
8327; 637; 5123; 4099; 5113; 6260; 8823; 4211; 7262; 5280; 6579; 3899; 2516; 7879; 5691; 7033
1117; 9659; 5018
3227; 8485; 9679; 8417; 4271; 4251; 9505; 8062; 6933; 8866; 5849; 6717; 8461
7735; 859; 7770; 16; 6181; 5308; 8584; 9987; 110; 4176; 8622; 4232; 9636; 1112; 1995; 8856; 916; 5981; 9938; 9524
8824; 4577; 9424; 7896; 8053; 3502; 6983; 6600; 425; 891; 3453; 9109; 2560; 8396
9498; 4649; 8944; 7885; 5033; 778; 1994; 3476; 8644; 305; 5325; 180; 6498; 8277; 863
2443; 202; 2164; 719; 3220; 5544; 1394; 8073; 6452; 7496; 5512; 5350; 5367; 7120; 3884; 1830; 7309; 8492; 8507; 4928; 431
3455; 9911; 21; 2481; 4453; 7437; 1264; 7002; 1586; 8167; 8474; 2977; 6186; 9839; 4282; 6237; 7586; 7353
4128; 4688; 5736; 1142; 9649; 195; 1988; 1650; 3263; 3025; 94; 6570; 6391; 5753; 100; 3499; 7688; 1510; 9376; 6567; 2483
5473; 5055; 2500; 5120; 2613; 1896; 2028; 6897; 7615; 8956; 5530; 1362; 6481; 1978; 3389; 3946; 1606; 6712; 8391; 7567; 365; 7297; 4982
8833; 570; 4692; 7413; 9654; 6512; 4209; 1535; 4738; 503; 434; 6627; 7960; 6397; 8800; 6692; 9919; 1424
96; 4125; 7899; 7911; 3986; 6721; 2377; 6048; 1566; 9732; 5558; 1730; 2323; 4627; 7499; 5460; 8834; 9293; 1583; 4038
9170; 7267; 1908; 9549; 7890; 207; 3630; 2757; 6282; 8620; 1788; 9345; 2037; 7165; 3155; 5100; 2958; 6129; 6179; 8067; 4050; 201; 4313
1445; 5946; 5392; 7199; 4326; 5048; 4371; 9011; 1671; 5192; 8863; 9652; 6821; 3610; 2653; 6525
6824; 931; 9184; 6384; 7667; 4020; 5067; 1385; 7344; 760; 6825; 3830
8506; 5116; 5380; 6614; 7447; 1859; 2511; 1418; 2610; 11; 3347; 390; 5819; 7607; 6455; 3767; 7574; 5128; 3469; 80; 2916; 226; 8020
7170; 5546; 9943; 8549; 9859; 7123; 7061; 9959; 5828; 8353; 2394; 8457; 8150; 1719; 3995; 413
7846; 3097; 4487; 5888; 7213; 349; 8284; 8421; 3009; 2218
9192; 3016; 85; 8261; 3093; 5758; 3681; 1672; 238; 5497; 8222
9193; 4792; 6968; 8822; 1206; 2536; 1711; 399; 1802; 3917; 2432
4154; 1875; 2982; 8061; 7456; 4776; 4451; 9827; 3617; 5293; 8242; 146; 217; 7550; 660; 6232; 538
8186; 4085; 4190; 7618; 3005; 7049; 7860; 1186; 4917; 8673; 6103; 3592; 8571; 2142; 3053; 2261; 9195; 7351; 9562; 1614
7852; 547; 1066; 1865; 3349; 9493; 915; 9056; 3487; 4513; 468; 2632; 1881; 7087; 9013; 847; 849; 3489; 239
6935; 4249; 6050; 3013; 6027; 8686; 9338; 1014; 5051; 6971; 9976; 3494; 9247; 9604; 7443; 2829; 7277; 3162
810; 8157; 6444; 8874; 366; 6039; 5297; 4512; 7539; 6201; 6882; 3437; 9685; 886; 4500
3518; 9572; 4052; 5871; 157; 5788; 8338; 6330; 8575; 6266; 7654; 8111; 7218; 3926; 5653
278; 7674; 6355; 6945; 1055; 5949; 8438; 3641; 227; 4617; 4010; 6082; 1410; 2635; 5847; 8097
7003; 64; 8687; 1702; 9152; 6026; 7089; 3313; 3421; 945; 71; 3070; 8127; 7439; 9315; 7976; 7611; 6553; 5360; 9111; 3953
6095; 9980; 661; 9799; 1741; 4969; 7304; 4747; 7660; 3956; 7126; 9012; 1422; 9822; 4600; 1953; 4245; 7580
3563; 421; 4582; 9713; 6409; 6018; 1323; 6366; 7662; 601; 7719; 7384; 9777; 3695; 7656; 8401; 5260; 1911; 4044; 9305
2693; 4970; 4289; 4749; 2291; 1935
8931; 2913; 6780; 1962; 7523; 8618; 1793; 6136; 9073; 823; 1604; 907; 542; 4664; 1401; 9299; 316; 944; 3736
2777; 8978; 3994; 2699; 4479; 4481; 2112; 4022; 4366; 9041; 2095; 1849; 7008; 4060; 7916; 7917; 4108; 5681; 5384
7145; 3861; 65; 5056; 9427; 8959; 2074; 4081; 4428; 7335; 3441; 7416; 1350; 729; 300; 9272; 1506; 5108
9497; 7633; 2235; 982; 6070; 7146; 5541; 5298; 6092; 6432; 768; 3987; 5859; 6166; 7285; 4483; 1241; 6054; 7778; 3172; 2790
172; 4521; 5713; 8308; 7548; 2779; 2987; 4440; 2866; 6513; 6337; 4833; 2072; 7157; 1057; 5865; 522; 5586; 8809
9499; 6992; 1100; 216; 5714; 4675; 3740; 6709; 1147; 2178; 3583; 6298; 5185; 55; 70; 7726; 8278
2109; 5702; 9553; 1045; 8036; 2348; 106; 6789; 3406; 3346; 4983; 3355; 1810; 621; 3117; 6568; 2645; 8965
8493; 8256; 2197; 663; 5665; 2365; 5507; 7606; 5564; 2631; 7702; 3920; 2925; 3323; 642
3118; 7602; 116; 7430; 24; 9267; 6220; 533; 179; 3203; 8715; 803; 8443; 6723; 5842; 9725; 1329; 3111; 4136; 8961; 7252
432; 4807; 3526; 1201; 9871; 2011; 6268; 8857; 475; 7190; 8510; 8268; 4493; 6081; 1125; 8640; 2293; 1964; 4398
6818; 7141; 4347; 8566; 6402; 6056; 120; 1208; 2971; 400; 7410; 1656; 710; 7025; 4810; 2363; 3812; 8886; 5114
4467; 9139; 2020; 731; 9776; 4564; 8550; 7666; 2963; 4150; 2515; 398; 5139; 3279; 384; 9363; 9689; 3735; 7918; 3901; 7231
436; 5851; 7983; 6395; 8165; 3133; 6638; 3569; 2689; 1842; 1906; 4364; 728; 3478
775; 3380; 4519; 2520; 5346; 923; 6308; 6052; 2278; 7341; 4156; 5797; 9895; 2069; 6046; 8741; 4632; 5036
1447; 7042; 7124; 7884; 4503; 5068; 1292; 3510; 5538; 3637; 1373; 3296; 1575; 1395; 2427; 574; 5311
8839; 3394; 5405; 2948; 826; 2148; 7182; 1419; 3358; 5506; 5970; 7661; 699; 4672; 1940; 5057; 6806; 9260; 5111; 1038; 2460; 8577
2796; 8292; 6613; 5332; 5903; 2101; 3575; 6121; 4789; 4248; 2071; 9414; 6759; 2122; 6331; 8173; 9752; 6603; 4606
446; 4218; 2421; 5386; 5053; 8849; 3138; 2599; 3027; 4821; 8514; 6685; 1123; 1342; 4744; 6488; 3611; 2616; 3307; 9384; 8765; 8994; 5750
7843; 2809; 2015; 8217; 8271; 9733; 9245; 8365; 9341; 8641; 7630; 2710; 7441; 5409; 4229; 3250; 7731; 8662
4149; 4203; 3052; 3848; 7220; 8331; 2502; 2565
7509; 9047; 9785; 6454; 7323; 3345; 6416; 790; 8221; 1945; 6105; 6223; 325; 3814; 624; 7015; 7122; 1642; 1540; 7977; 9408; 7694; 1921; 6456; 8859
1468; 2564; 8806; 3490; 9314; 7311; 6517; 8525; 9144; 2270; 8088; 3939; 6620; 6291; 6867; 5233; 7868; 2980; 4626
9198; 1303; 3857; 4217; 6684; 1939; 1591; 1284; 2045; 5314; 18; 5101; 4269; 9977; 3629; 1050; 6961; 7592
212; 558; 3576; 148; 4510; 973; 3912; 4187; 7287; 2195; 294; 490; 7468; 4597; 8207; 3874; 3840; 5434; 7528; 996
4920; 8520; 8131; 2036; 6697; 7604; 4222; 1065; 6594; 229; 3937; 345; 5021; 4786; 8106; 1638; 935; 3651; 9015; 7246; 3012
2907; 2938; 9921; 4929; 6400; 3073; 8791; 9329; 892; 9215; 1903; 5520; 1901; 1200
7278; 1605; 2932; 9967; 9863; 4417; 6970; 6389; 6944; 7352; 2611; 2245; 6949; 6390; 5947; 1678; 1075; 5976; 4903; 2423; 364
1247; 947; 5539; 4278; 1191; 19; 4172; 8674; 6887; 7938; 9127; 8533; 5850; 7121; 5671; 5417; 2065; 8816
8646; 7133; 4978; 5403; 4605; 8556; 6974; 2709; 664; 7409; 5066; 824; 308; 1931; 8609; 1952; 3625; 1661
4287; 6332; 7783; 1364; 9907; 4177; 8019; 6733; 8451; 3631; 652; 4047; 4473; 3095; 382; 4221
677; 8554; 4966; 511; 4223; 3536; 8716; 9673; 5794; 6676; 8887; 9238; 1687; 4779; 5187; 529; 7774; 3164
9084; 3204; 2043; 1024; 2810; 3180; 7381; 9862; 7760; 9036; 4835; 6991; 5639; 9600; 9155
5731; 6472; 2035; 9100; 966; 8085; 9913; 6370; 5400; 8029; 5402; 9146; 1171; 9492; 6190; 9593; 5495
6748; 9773; 6030; 6414; 9954; 9269; 7758; 1039; 718; 9242; 8530; 8043; 1813; 1285; 1006; 9216; 7200; 8883; 7128
1159; 3676; 2277; 1880; 3548; 8801; 616; 8007; 6543; 880; 3433; 7988; 6207; 4098; 3523; 874; 1512; 3211
2954; 2621; 6360; 7479; 3978; 7333; 6325; 3466; 6662; 5230; 1864; 4999; 7805; 7775; 4420; 4090; 2208; 6786
2680; 3567; 9589; 72; 8915; 3496; 7704; 5676
153; 7706; 102; 4739; 1487; 2070; 8362; 6014; 4076; 8661; 8446; 1749; 1900; 9133; 6086; 1438; 4711
4121; 3422; 4253; 1138; 4423; 4785; 721; 7685; 1714; 8444; 5467; 3568; 6246; 9014; 5423; 3632; 3565; 2552; 4690
4793; 2450; 8898; 3640; 8633; 8593; 5248; 5764; 8491; 1768; 8361; 9389; 6058; 2904; 709; 9816; 4524; 4268
7148; 3974; 9836; 1784; 3473; 6477; 3709; 7915; 1311; 1815; 142; 936; 8495; 7740; 6980; 3234; 5636; 9790; 6546; 2313; 9405; 2431; 4904
2445; 5034; 5853; 9347; 3856; 1563; 6200; 4931; 6158; 4591; 4879; 4798; 5607; 5645; 9454; 1106; 9451; 6740; 4296; 3643; 6184; 7476; 6265; 2012
7824; 3398; 8548; 5324; 5150; 6606; 5476; 8452; 1736; 4337; 3677; 8341; 5359; 9270; 8151; 9134; 2253; 4875; 8708
4804; 8772; 9847; 1423; 119; 3237; 8199; 7547; 9853; 7156; 3553; 7681; 4967; 6675; 5715; 5602; 7092; 1058; 4372; 7679
3797; 7257; 3396; 3247; 1227; 5105; 628; 9647; 1398; 2769; 9425; 301; 8649; 4348; 1415; 9023; 5838
9173; 8989; 502; 3128; 4607; 2722; 4013; 4990; 1404; 6013; 5112; 7070
3805; 5159; 9477; 1040; 5485; 6578; 5074; 7039; 5326; 5510; 3649; 9918; 272; 9517; 7268; 6829; 6206; 3411; 3880
2462; 523; 7067; 232; 6496; 3303; 6213; 2739; 8031; 8921; 3806; 1388; 8972; 7125; 7212; 8732; 4424; 2687; 2167
108; 7717; 6708; 7361; 3223; 3620; 7080; 617; 121; 3471; 1618; 572; 7449; 8775; 9349; 302; 5425; 1180; 1333; 8698
5152; 8025; 1840; 3751; 2392; 4547; 7415; 2883; 3561; 4145; 1708; 3228; 2382; 5565; 3229; 3388; 5121; 2822
787; 1430; 8582; 1582; 4256; 6612; 1316; 645; 2468; 4414; 5864; 4379; 1691
2805; 4592; 5282; 7294; 8128; 3242; 6838; 8135; 9412; 6043; 2401; 2299; 5562; 118; 6768; 1270; 8231; 2735; 7177
9865; 3074; 7179; 4556; 3692; 1851; 9656; 9150; 7676; 6883
802; 1898; 7469; 5266; 2967; 8563; 9224; 1917; 3245; 5456; 8798; 563; 4647; 4705; 8357
8621; 5125; 8425; 953; 414; 2575; 5795; 6659; 607; 1905; 5029; 5955; 2667; 7621; 9618; 9318; 6079; 4979; 7266; 1579
7635; 8403; 5088; 9324; 4092; 373; 7773; 1754; 4759; 6465; 3081; 374; 8746; 6305; 3948; 2867; 3112; 5752; 9941; 6529; 864; 9996
5050; 9418; 6399; 7581; 8102; 1985; 8346; 9914; 2055; 6426; 5686; 8200; 5091; 9031; 6554; 3619; 3522
3166; 5532; 2180; 2832; 2433; 5866; 2408; 3517; 4225; 3964; 8677; 3363; 1325; 4429; 293; 9720; 1976; 2438; 5774; 9053
2402; 4427; 2081; 6926; 6466; 2547; 3231; 4009; 7357; 2335; 3354; 3010; 4029
2298
6161; 9930; 8613; 9903; 8499; 6269; 9123; 3716; 6803; 2556; 3516; 9872; 1181; 8270; 3607; 7641; 5630
1937; 5030; 8298; 4252; 4322; 5712; 1023; 1899; 4459; 9639; 9909; 9866; 4498; 9049; 3973; 5422; 5975; 9718; 5275
9077; 3236; 9033; 1403; 9851; 3718; 35; 6193; 261; 484; 5085; 4129; 5646; 9867; 1178; 5775; 2659; 9887; 1686; 4854; 3196; 8272
2526; 9594; 8230; 7046; 5070; 4900; 2595; 40; 1412; 5643; 9860; 5385; 1692; 7055; 8413; 7847; 3408; 5218; 3500
5802; 470; 9104; 467; 8847; 8742; 4579; 2248; 1167; 5094; 6439; 5020; 9381; 9290; 8355; 7393; 9543; 1603; 3717
6476; 203; 7898; 6896; 8630; 8771; 107; 8781; 4476; 2857; 1053; 6891; 711; 9969; 3397; 3153; 4409; 429; 5428; 7961; 6953; 7368
6645; 5598; 4101; 315; 4432; 1524; 7225; 8900; 773; 2355; 5323; 9792; 1406; 5321; 6934; 6713; 7526; 2920; 6047; 1379; 9503; 1018; 7280; 4736; 9700; 7995; 8831; 437; 6042
517; 9574; 1747; 4568; 6290; 2266; 3745; 8568; 7644; 7245; 5855; 2366; 152; 2134; 9308; 5811; 1172
3626; 3186; 7226; 9892; 4864; 2302; 5289; 5244; 8143
7322; 7193; 476; 7763; 7160; 3407; 8234; 3271; 5761; 9279; 2102; 2002; 4874; 9820; 4286; 548; 2517; 8185; 6008
8162; 7925; 166; 5734; 7239; 5881; 9326; 3713; 733; 6822; 5836; 2087; 1648; 6715; 5600; 7242; 6551; 2237; 3046; 8984
3382; 4333; 1824; 3018; 583; 5597; 6154; 163; 7332; 1257; 578; 554; 1625; 4197; 4613; 6354; 2129; 2328
3392; 1574; 6045; 739; 1463; 4912; 5303; 9726; 1801; 228; 1479
1478; 505; 9197; 6374; 2686; 1139; 8146; 2570; 3085; 3158; 5974; 7394; 1825; 1742; 4082
1194; 3528; 7482; 6764; 4438; 796; 9501; 5229; 2952; 605; 2774
3787; 1658; 136; 6670; 580; 9183; 4001; 1641; 9840; 4484; 673; 1376; 7271; 6168; 4135; 584; 7819
2444; 8907; 6539; 4980; 8777; 5118; 4468; 286; 3795; 8004; 1951; 3788; 680; 5069; 7488; 5013; 4508; 6827; 3298; 2412; 2706; 9690; 1684; 439
9164; 835; 9099; 3774; 9746; 4373; 7483; 7578; 5844; 4107; 1291; 5579; 6102; 7035; 9467; 9295; 6238; 8377; 9257
1101; 4339; 4769; 5352; 51; 782; 9912; 7705; 6993; 9176; 2016; 7372; 5133; 5716; 2177; 9515; 7556; 6563; 3002
5135; 8764; 8601; 6588; 1305; 7235; 6782; 3262; 5952; 3895; 6762; 2404; 9775; 6758; 8166; 8077; 8905; 7326
7823; 3381; 244; 2852; 9625; 387; 1252; 1041; 1706; 1059; 7253; 2452; 6242; 3794; 651; 5415; 1673; 6526; 1381; 9541; 5411; 857; 6885
7827; 1946; 5457; 8734; 6823; 8319; 8118; 4272; 3887; 9513; 9200; 8181; 7407; 2847; 1144; 754; 3205; 2912; 6577; 8228; 8650; 6385; 3393; 715
97; 2475; 1341; 151; 2634; 2970; 7532; 6335; 7433; 8276; 472; 3474; 4603; 2461; 7829; 3400; 7222; 7684; 9979; 1608
2454; 7739; 9108; 7652; 2972; 6850; 3798; 1377; 2750; 6959; 4184; 6905; 6023; 592; 898; 1886; 8778; 9516; 9380; 4780
7832; 3711; 5288; 4665; 1765; 2864; 761; 6534; 2478; 6210; 5982; 6489; 5912; 9446; 2788; 9747; 8335; 8925; 1251; 9130; 6729; 2530; 276
9177; 326; 6834; 407; 3; 7612; 2505; 5536; 4078; 1794; 670; 3608; 808; 7379; 3062; 1758; 1193; 2753; 3549; 2108; 9811; 4850; 8812; 5581
104; 3689; 3484; 4170; 7334; 4555; 3654; 2242; 5780; 1600; 4391; 8168; 4666; 1126; 241; 3339; 3601; 3258; 4118; 8935; 8842
7838; 6870; 6788; 34; 448; 3327; 4404; 5813; 6254; 3807; 5826; 193; 9129; 2384; 3418; 2724; 6519; 649; 5223; 7882; 7387; 5097
2464; 8993; 7131; 9989; 443; 2155; 2646; 8749; 4756; 3593; 5793; 9664; 7733; 4261; 7134; 137; 6706; 681; 1987; 8539
3808; 3023; 9750; 3667; 830; 8669; 2756; 6306; 7209; 9154; 9488; 9309; 7535; 7172; 9745; 8607; 5154; 7318; 7388; 8113
9186; 8170; 6964; 5692; 9335; 2174; 9608; 7693; 393; 6597; 7813; 3811; 9500
6500; 4324; 4065; 1331; 4830; 8006; 3319; 7444; 6; 6923; 5269; 8254; 60; 9555; 6174; 7845; 3246; 1599; 4575
9189; 8039; 3533; 9141; 223; 5092; 6225; 5783; 6518; 1450; 2430; 4604; 8042; 1930; 2229; 9204; 9999; 9190; 8602; 3310
3819; 5471; 8134; 4655; 6864; 45; 5353; 8899; 6928; 8720; 3447; 5951; 2861; 3292; 5163; 3759
5165; 9087; 8629; 7286; 6062; 1981; 855; 2238; 5166; 3962; 5466; 8197; 6857; 2993; 632; 8275; 124; 3966; 7981; 6874; 6214; 2383; 9074
1135; 8367; 1493; 3241; 3927; 4781; 2214; 7062; 327; 8570; 8137; 1775; 6319; 9727; 2862; 1779; 5571; 7697; 7459; 7090; 827; 2325; 9202; 8774; 4543
2479; 6830; 6552; 9818; 8597; 5286; 8124; 5431; 6511; 1498; 428; 3207; 1220; 8159; 3505; 7936; 7001
2480; 2128; 2158; 5483; 328; 867; 5720; 5300; 8710; 724; 716; 2840; 8104; 1667; 408; 1440
3824; 3721; 6326; 9254; 8895; 185; 4695; 8122; 8743; 7421; 5047; 9367; 4998; 6321; 208; 7761; 5825; 2482
9623; 5800; 9852; 1805; 3395; 9724; 4066; 8282; 8890; 1904; 7289; 7249; 3539; 972; 2899; 3519; 7256; 3551; 2331; 2821; 9663; 7005; 9781
5599; 9252; 2573; 3825; 3324; 8100; 4100; 3624; 4437; 7893; 2625; 3253; 5729; 1568; 8349; 310; 4056
1569; 6547; 3335; 3875; 5060; 9456; 6955; 6629; 5601; 2928; 1544; 6001; 7091; 9471; 274; 6234; 7958; 3365; 196; 9957
8291; 6142; 4919; 3552; 2188; 6357; 1549; 2484; 2170; 2601; 3017; 6560; 2485; 8763; 1572; 3958; 3879; 2118; 930; 5481; 5458
4266; 1860; 186; 9783; 8792; 5368; 2758; 2; 6674; 5274; 3965; 2023; 940; 3254; 4270; 1414; 687; 6274; 9686; 2385; 4210; 9040; 419; 7534; 7609
5615; 1465; 298; 7636; 2000; 9525; 4173; 7143; 7696; 7859; 4955; 5829; 8951; 7725; 8487; 1795; 1287; 7608; 5447
4274; 1336; 2130; 2470; 2602; 2543; 9455; 4712; 9327; 8858; 7455; 5966; 4335; 8653; 3191; 630
5619; 9093; 3959; 7895; 9772; 5014; 38; 8307; 5542; 2350; 3555; 7508; 5622; 2733; 9655; 4975; 7723; 3131; 8717
1592; 5251; 3416; 3188; 1529; 3572; 8505; 2815; 5626; 655; 6755; 2672; 4668
2940; 6124; 9007; 1623; 9536; 8967; 8524; 5979; 6746; 3543; 7037; 872; 6226; 6098; 1491; 9761; 4851; 155; 8610
4284; 7779; 2393; 905; 4517; 4399; 4537; 8651; 3350; 8366; 1996; 3427; 8783; 579; 7767; 1558; 5079
6972; 4017; 7166; 3645; 9829; 5967; 3243; 4726; 2523; 1157; 635; 4285; 6562; 460; 7034; 8318; 6251; 6756; 4877; 4139; 2025; 2737
7403; 8916; 3835; 2073; 756; 4212; 7261; 8748; 1215; 9716; 6233; 4105; 2762; 7232; 7675; 5640; 485; 7424
3376; 4148; 8206; 9351; 9723; 9487; 1876; 2962; 6252; 7230; 3015; 8087; 2360; 2700; 5526; 4588; 9527; 5249; 6114; 6798; 224
6064; 1179; 1531; 692; 7712; 3726; 4201; 8565; 5131; 1453; 4002; 8092; 6772; 5550; 8943; 1759; 9925; 3571; 6771; 7610; 248
6065; 6270; 920; 2997; 4112; 5270; 7867; 6702; 2085; 1016; 4662; 3037; 1074; 4528; 4402; 8844; 5404; 6066; 8817
4724; 6032; 2249; 6976; 977; 4043; 2863; 7970; 6757; 5452; 32; 6550; 1653; 662; 1028; 2042; 4657; 5963; 7292
702; 6342; 4031; 9739; 3684; 4976; 1168; 5742; 5745; 6327; 4246; 2046; 3305; 4051; 5472; 6315; 1800; 1914; 6005
2052; 6302; 210; 8709; 8051; 4742; 4881; 1236; 8011; 1386; 5238; 6151; 8358; 3730; 8257
4743; 7216; 7466; 9880; 2133; 6878; 8125; 8255; 339; 2440; 2057; 9694; 5179; 1850; 5504; 8033; 5490; 9234
3401; 2379; 2192; 553; 8426; 4207; 4403; 7698; 160; 6093; 1477; 1659; 9313; 2247; 5171; 2131
2488; 2009; 7804; 4138; 9846; 1367; 3832; 5830; 1960; 2437; 7877; 8086; 9209; 5234; 8479; 2490; 8190; 5198; 3154
6523; 9591; 7963; 8463; 2372; 3222; 3876; 2124; 6558; 2367; 1393; 4375; 7965; 5316
2494; 8909; 2250; 875; 532; 1158; 1187; 2542; 2833; 3442; 6394; 6024
6538; 9261; 2871; 4871; 4446; 50; 5389; 4341; 9226; 6172; 8815; 449; 1256; 4628; 7347; 1296; 3021; 8486; 1829; 1681; 8419; 3851; 7243; 1185; 7073; 306; 7982
2509; 9229; 1922; 3699; 5767; 2288; 1704; 536; 4640; 5199; 2678; 3858; 3001; 6548; 3152; 2880; 2113; 7986; 8576; 2519
6978; 4645; 6036; 4294; 919; 2650; 5455; 1609; 5580; 5654; 8578; 3869; 4791; 2953; 9121; 6300
9674; 8052; 1617; 5470; 861; 8339; 4703; 5718; 609; 1539; 7542; 5236; 1328; 9994; 6996; 4651; 9703
6998; 8096; 1774; 3938; 2284; 7795; 5005; 3591; 6261; 1624; 8987; 8373; 2969; 3766; 2839; 581; 2220; 5084; 7127
4314; 5841; 8913; 585; 1738; 8351; 3224; 4685; 732; 5590; 1890; 5906; 7007; 6569; 2068; 7759; 1633; 8047
7018; 442; 1522; 5294; 337; 1288; 1933; 190; 749; 9769; 720; 8619; 9793; 7442; 2233; 4194; 1751; 798; 3700
8788; 4238; 2732; 3127; 8040; 4758; 9321; 2778; 851; 1888; 3417; 2844; 964; 9561; 6111; 1026; 8057; 28
2088; 7400; 7576; 9135; 6796; 6843; 4924; 3765; 8117; 850; 3885; 3255; 8589; 8810; 4625
2096; 9494; 8599; 1792; 2881; 2104; 8091; 8557; 6661; 8504; 6276; 2356; 1983; 6922; 369; 74
9246; 7167; 5873; 3872; 6176; 6817; 5219; 5222; 6671; 1192; 1390; 7914; 5271; 8214
1196; 5381; 7978; 1202; 3898; 4868; 3678; 8585; 4581; 9709; 4083; 6583; 7329; 3993; 2566; 3775; 856; 9080; 9274; 7566; 4567
5243; 6914; 1219; 3909; 3280; 955; 2675; 3264; 6598; 3914; 2656; 4840; 4677; 358; 9153; 5535; 5972; 9444; 9102; 7041
9731; 7307; 9964; 4463; 9352; 8388; 8470; 813; 9065; 2784; 5703; 5789; 8392; 1073; 1035; 5570; 1046; 9740; 519; 4800; 4801; 3266; 424
8835; 6404; 772; 7314; 7383; 7255; 9601; 1884; 5296; 8484; 3467; 7295; 7202; 6258; 7086; 7985; 9083; 2352; 4580; 4927; 3628
2125; 9837; 311; 6157; 7356; 7111; 5043; 1986; 7504; 1360; 1235; 2684; 9843; 5087; 2714; 3763; 9946; 6215; 3477; 8671; 5874; 7511
2576; 5787; 9986; 8101; 3101; 2579; 2577; 6813; 5334; 7806; 2578; 4971; 9298; 1268; 8169; 156; 2593; 132; 9331; 2596
7980; 1958; 1492; 4193; 3705; 3194; 8986; 9361; 6640; 1301; 8518; 6029; 2826; 8407; 7375; 7565
4394; 7137; 8918; 4151; 1308; 7088; 7797; 8432; 4837; 4859; 7646; 1803; 5015; 6183; 5925; 2019; 9333
5319; 8940; 1950; 2435; 1954; 8260; 252; 9510; 3977; 8017; 1298; 340; 8363; 4866; 3079; 7113; 6362; 7163; 3782
1752; 9522; 8684; 9823; 9983; 1761; 1210; 3105; 1309; 8730; 989; 5992; 3544; 4894; 1405; 5351; 4106; 8489
177; 3702; 9841; 9610; 7359; 2398; 3151; 8110; 5822; 7178; 5689; 9854; 4094; 7631; 3752; 3189; 6205; 7227; 4041; 9532
2715; 1848; 5896; 4646; 8094; 5901; 7221; 6449; 6406; 2153; 1515; 5419; 4584; 469
1822; 8561; 7210; 6856; 4242; 1516; 1838; 5168; 297; 4096; 9069; 5096; 8667; 8132; 6376; 8668
5991; 3322; 7790; 8252; 7798; 3783; 6873; 1096; 14; 6017; 5007; 397; 6913; 9609; 8666; 2841; 2896; 8209
9927; 8608; 2811; 4351; 9512; 9511; 8179; 4842; 6811; 5690; 1432; 9394; 1992; 8591
9557; 9; 9044; 5980; 9088
